02438
02442
02445
02575
02577
02580
02581
02582
02586
02594
02595
02697
02698
02712
02719
02720
02725
02726
02732
02735
02736
02748
02753
02754
02756
02767
02793
02797
02800
02804
02808
02815
02818
02819
02826
02837
02848
02859
04202
04233
04234
04235
04240
04241
04254
04256
04260
04266
04269
04270
04272
04317
04331
04339
04344
04345
04347
04384
04385
04387
04391
04393
04396
04397
04399
04401
04405
04408
04411
04418
04420
04422
04424
04425
04427
04428
04429
04430
04431
04434
04436
04438
04445
04447
04451
04490
04586
04588
04589
04592
04593
04596
04600
04603
04604
04606
04608
04610
04614
04615
04616
04621
04622
04625
04628
04632
04633
04636
04639
04640
04643
04646
04647
04648
04649
04650
04654
04655
04657
04660
04661
04665
04666
04668
04670
04671
04672
04674
04677
04680
04681
04683
04684
04688
04691
04692
04693
04694
04698
04703
04705
04709
04710
04714
04715
04716
04721
04727
04732
04737
04738
04740
04743
04744
04745
04747
04748
04753
04756
04758
04759
04765
04766
04767
04770
04771
04772
04778
04780
04789
04791
04793
04797
04799
04802
04804
04808
04812
04819
04820
04823
04824
04826
04827
04830
04833
04834
04835
04841
04842
04844
04846
04848
04852
04855
04856
04859
04860
04863
04866
04868
04870
04871
04874
04876
04879
04882
06656
06667
06674
06683
06684
06692
06706
06708
06717
06718
06731
06735
06849
06863
06867
06881
06892
06899
08523
08530
08537
08544
08551
08558
08563
08585
08782
08784
08788
08791
08795
08796
08798
08800
08802
08805
08807
08812
08814
08816
08819
08823
08826
08828
08830
08844
08851
08855
08863
08865
08869
08870
08874
08882
08896
08910
08917
08930
08937
08951
08958
08965
08979
08981
08985
10561
10568
10575
10580
10582
10589
10603
10610
10617
10623
10626
10628
10629
10630
10631
10632
10636
10640
10642
10643
10644
10646
10649
10652
10653
10654
10656
10663
10664
10667
10668
10671
10674
10675
10677
10678
10682
10684
10689
10691
10692
10695
10696
10698
10702
10704
10706
10708
10711
10712
10713
10714
10715
10716
10718
10720
10721
10722
10724
10725
10726
10727
10729
10730
10731
10732
10737
10740
10742
10743
10744
10745
10749
10750
10751
10755
10758
10759
10762
10763
10765
10766
10770
10772
10777
10779
10781
10784
10786
10788
10790
10792
10793
10795
10797
10799
10801
10804
10811
10813
10818
10824
10825
10832
10834
10838
10839
10845
10846
10848
10867
10869
10871
10873
10880
10885
10887
10892
10894
10899
10903
10906
10961
10987
11035
11042
11049
11063
11068
11123
12632
12639
12640
12645
12646
12647
12653
12657
12659
12663
12664
12665
12667
12669
12672
12674
12675
12676
12682
12685
12688
12690
12692
12695
12704
12709
12712
12713
12714
12716
12719
12720
12722
12723
12731
12742
12745
12748
12749
12752
12753
12754
12759
12762
12763
12766
12767
12770
12771
12778
12780
12781
12785
12787
12788
12791
12792
12794
12801
12802
12805
12806
12808
12814
12815
12824
12828
12832
12835
12837
12840
12843
12844
12846
12847
12851
12854
12856
12860
12861
12862
12865
12867
12868
12869
12871
12874
12875
12881
12882
12883
12890
12891
12892
12895
12896
12898
12899
12902
12905
12909
12910
12913
12914
12916
12921
12928
12948
12955
12969
12976
12990
12995
13002
13015
13018
13022
13029
13043
13050
13069
14782
14789
14792
14793
14796
14797
14798
14800
14803
14804
14853
14879
14948
14967
15022
15029
15055
15084
15087
15090
15104
15110
15115
15123
15124
15136
15198
16958
16972
17021
17047
17050
17116
17299
17325
17387
17394
18967
18970
18971
18974
18976
18979
18980
18983
18987
18996
18997
19001
19003
19006
19015
19020
19021
19023
19027
19028
19031
19035
19043
19047
19142
19149
19156
19163
19177
19184
19188
19191
19195
19209
19216
19223
19230
19237
19251
19255
19262
19265
19269
19276
19283
19290
19297
19304
19311
19318
19325
19329
19336
19339
19343
19350
19357
19364
19371
19378
19385
19392
19396
19399
19403
19410
19431
19438
19452
19459
19466
19470
19477
19480
19484
19491
19498
19505
21274
21277
21278
21282
21285
21288
21289
21293
21296
21303
21310
21316
21317
21323
21324
21328
21332
21335
21336
21338
21339
21342
21344
21349
21352
21356
21359
21361
21363
21365
21367
21370
21377
21380
21387
21393
21402
21406
21409
21412
21416
21422
21423
21425
21434
21437
21439
21441
21442
21448
21472
21476
21479
21483
21486
21490
21497
21504
21511
21518
21532
21543
21550
21564
21571
21578